0.15073906,0.706696223,0.064404481,0.078160236
0.120932042,0.728604418,0.039556212,0.110907327
0.184308776,0.227051446,0.297149115,0.291490663
0.313907972,0.214475041,0.329420856,0.142196132
0.34355014,0.224474117,0.288206908,0.143768835
0.159613185,0.733541519,0.03268839,0.074156907
0.277777333,0.239584486,0.30372605,0.178912131
0.124168772,0.732442389,0.043218758,0.100170081
0.165992655,0.184451718,0.340429256,0.309126371
0.227706654,0.148938838,0.410394159,0.212960349
0.047622904,0.3135744,0.271096412,0.367706283
0.163796816,0.601214715,0.091161961,0.143826509
0.299424918,0.210339883,0.303930961,0.186304238
0.158872005,0.589701953,0.102912611,0.148513432
0.056321821,0.288299759,0.269257758,0.386120662
0.20070195,0.199561178,0.309755674,0.289981198
0.249004459,0.165039104,0.373408023,0.212548415
0.234933259,0.190724042,0.333446118,0.240896581
0.144989625,0.776967099,0.025673677,0.052369598
0.201406161,0.253200664,0.244244004,0.301149172
0.394397756,0.259922311,0.24517489,0.100505043
0.266015462,0.231309581,0.289215352,0.213459604
0.03955843,0.211566932,0.363693568,0.38518107
0.159357816,0.191825682,0.372275569,0.276540933
0.423784566,0.229251621,0.301902032,0.045061781
0.146365382,0.599353307,0.077318352,0.176962959
0.197023504,0.278700463,0.218281938,0.305994096
0.149826825,0.717343259,0.052630311,0.080199605
0.16361538,0.233713812,0.307127174,0.295543634
0.311794958,0.216995904,0.292994964,0.178214174
0.397469957,0.244805438,0.243977324,0.113747282
0.368040984,0.251642719,0.240571844,0.139744453
0.245417628,0.242866687,0.249429371,0.262286313
0.307444665,0.213819973,0.304478112,0.17425725
0.158705152,0.614782974,0.103915623,0.122596251
0.164941832,0.24287991,0.259754716,0.332423542
0.256695441,0.247023197,0.293264102,0.20301726
0.060237768,0.40394792,0.182645943,0.353168369
0.144244737,0.553424688,0.123568944,0.178761632
0.213662181,0.21504392,0.315707691,0.255586208
0.402911153,0.270223323,0.242510196,0.084355328
0.145253837,0.664184039,0.070443552,0.120118572
0.256113917,0.195768407,0.318496348,0.229621328
0.123428632,0.754549046,0.036635804,0.085386519
0.210391747,0.221392388,0.315217012,0.252998853
0.075315503,0.254912472,0.306606226,0.363165799
0.19043222,0.225951783,0.31151444,0.272101557
0.164835976,0.663703559,0.059876849,0.111583615
0.316975463,0.211189835,0.323117352,0.14871735
0.064544405,0.248222445,0.320569676,0.366663474
0.280098797,0.231656382,0.280034197,0.208210624
0.403588383,0.2443483,0.256940112,0.095123204
0.158187335,0.674533742,0.053352664,0.113926259
0.394979251,0.258871063,0.346149686,0
0.162138691,0.225734482,0.332516258,0.279610569
0.073839315,0.401643621,0.178631856,0.345885208
0.113807321,0.350664379,0.218928566,0.316599734
0.354754296,0.211810323,0.29005797,0.14337741
0.261553227,0.233077604,0.252895217,0.252473952
0.661521277,0,0.08931883,0.249159894
0.134215029,0.5677446,0.104028138,0.194012233
0.192455507,0.238315177,0.284463111,0.284766205
0.273444748,0.218985084,0.31040946,0.197160708
0.015846922,0.195715759,0.405321247,0.383116072
0.200211263,0.231120964,0.276573117,0.292094655
0.252029808,0.186743446,0.35444413,0.206782616
0.166643674,0.244522809,0.262967191,0.325866327
0.201337943,0.214150652,0.302288152,0.282223253
0.29101812,0.257452458,0.228727445,0.222801977
0.160901605,0.641640279,0.060960729,0.136497387
0.13621694,0.292093851,0.170407392,0.401281817
0.167227745,0.713088241,0.042441895,0.077242119
0.03543654,0.344668042,0.220060473,0.399834945
0.322878456,0.215136968,0.30559761,0.156386967
0.121788276,0.755796593,0.0322353,0.090179831
0.439778458,0.276418945,0.218010059,0.065792538
0.335170909,0.225040197,0.299144781,0.140644114
0.213708948,0.221642989,0.284296994,0.280351069
0.204015171,0.24158927,0.28382952,0.270566039
0.127230305,0.704882422,0.044078372,0.123808901
0.401027464,0.24621198,0.262305654,0.090454902
0.290568923,0.17187488,0.408583507,0.12897269
0.106040637,0.614234849,0.080681586,0.199042928
0.345838068,0.250400114,0.257704295,0.146057523
0.402136964,0.252414023,0.245173372,0.100275641
0.300023797,0.206286112,0.300810742,0.192879348
0.120036085,0.572403986,0.092704477,0.214855452
0.137189586,0.286942982,0.201509744,0.374357688
0.318322809,0.245490951,0.250625713,0.185560527
0.227329953,0.188579094,0.348399137,0.235691816
0.256134358,0.23402117,0.299847861,0.209996611
0.222855136,0.247114604,0.269664652,0.260365607
0.267832049,0.246256258,0.265898362,0.220013331
0.411472989,0.235340028,0.299828771,0.053358211
0.172620955,0.224212249,0.299099474,0.304067322
0.155057461,0.738164443,0.030945999,0.075832097
0.045546815,0.292537538,0.285001768,0.376913879
0.339736356,0.248017553,0.236043793,0.176202299
0.060102079,0.305698803,0.276801506,0.357397612
0.193137376,0.188602287,0.336818963,0.281441374
0.31166269,0.254330733,0.256050987,0.17795559
0.174008937,0.712107951,0.046056311,0.067826801
0.181072782,0.266355229,0.245116137,0.307455852
0.056137244,0.30921453,0.324532966,0.31011526
0.139841542,0.528520826,0.11551779,0.216119841
0.210556671,0.199072962,0.334192702,0.256177666
0.137635006,0.684578084,0.049521813,0.128265098
0.225493499,0.194588951,0.346121554,0.233795996
0.430940047,0.264680652,0.239999425,0.064379876
0.236831794,0.215724566,0.315216746,0.232226894
0.0516627,0.298335663,0.272757604,0.377244033
0.288076035,0.279427405,0.223171392,0.209325168
0.254885039,0.200688098,0.311712768,0.232714095
0.402072864,0.253359645,0.245439468,0.099128023
0.21607478,0.222837866,0.317268357,0.243818997
0.249203143,0.192352563,0.334210394,0.2242339
0.221698567,0.229480296,0.296191583,0.252629554
0.142372557,0.685845799,0.062894419,0.108887224
0.160151613,0.611839969,0.073771517,0.154236902
0.156416299,0.275644258,0.253910103,0.314029339
0.148848809,0.274392037,0.292944053,0.283815101
0.298633924,0.247765177,0.265976531,0.187624368
0.169445971,0.675574996,0.052248626,0.102730407
0.412087977,0.257369078,0.243439611,0.087103333
0.197492931,0.204200614,0.310132022,0.288174433
0.159108464,0.18688818,0.339003341,0.315000016
0.24011612,0.197407363,0.309934546,0.252541971
0.163094216,0.283913819,0.293591734,0.259400232
0.171252527,0.223103815,0.312494054,0.293149603
0.35743414,0.230915655,0.274481937,0.137168267
0.374951089,0.278553929,0.20188968,0.144605301
0.169201971,0.244171127,0.302586274,0.284040628
0.3469453,0.226720414,0.279742162,0.146592123
0.16651837,0.259129081,0.244126646,0.330225902
0.190311035,0.242487123,0.26915212,0.298049722
0.160581518,0.714322344,0.03702107,0.088075068
0.160809834,0.688760026,0.050146373,0.100283767
0.364686727,0.226572906,0.289736343,0.119004023
0.337079713,0.196172433,0.316506683,0.150241171
0.180579391,0.215636659,0.327456076,0.276327874
0.369879438,0.251523189,0.269686292,0.108911081
0.421158482,0.241525774,0.283880579,0.053435165
0.156988475,0.752927509,0.029393524,0.060690492
0.052092949,0.242688426,0.300165009,0.405053615
0.33991193,0.216478748,0.327883522,0.1157258
0.182770829,0.265604034,0.254277603,0.297347534
0.146800381,0.297740347,0.148609052,0.40685022
0.462767774,0.271562905,0.243974451,0.021694871
0.126233062,0.557137147,0.101829293,0.214800498
0.149158263,0.735660309,0.038869671,0.076311757
0.180751496,0.239901781,0.260267326,0.319079398
0.171934377,0.749797931,0.024035111,0.054232581
0.136313353,0.259508161,0.271043964,0.333134522
0.428107111,0.27184022,0.232102068,0.0679506
0.277411546,0.235935678,0.266198677,0.220454099
0.12526358,0.253726972,0.311317485,0.309691963
0.241941918,0.212505007,0.305868529,0.239684546
0.063525016,0.245439129,0.313424614,0.377611241
0.317450693,0.257908509,0.235415967,0.189224831
0.089517679,0.283742211,0.259478851,0.367261259
0.178916722,0.226954482,0.294515487,0.299613309
0.158033721,0.606451988,0.093115036,0.142399255
0.119160319,0.64748699,0.078545928,0.154806762
0.140045091,0.654658814,0.07875846,0.126537635
0.328418696,0.207749737,0.290159744,0.173671823
0.394097174,0.269941587,0.216622608,0.11933863
0.409028529,0.260044173,0.230426157,0.10050114
0.17594433,0.668658249,0.059031808,0.096365612
0.366452949,0.275565373,0.231617643,0.126364035
0.174644705,0.19680245,0.330257996,0.298294849
0.160956661,0.721212265,0.044442325,0.073388748
0.024084882,0.294041677,0.267971079,0.413902362
0.122226211,0.716100591,0.053364413,0.108308785
0.1323708,0.652944892,0.066083473,0.148600835
0.220973228,0.304907509,0.167318211,0.306801052
0.157631243,0.59528399,0.096165153,0.150919614
0.06202047,0.339190902,0.262631069,0.336157559
0.245530131,0.215408015,0.346341968,0.192719886
0.3489421,0.215936034,0.297166969,0.137954896
0.135081333,0.605006685,0.081039364,0.178872618
0.090611854,0.266994322,0.280210267,0.362183557
0.096559375,0.282920693,0.293858649,0.326661284
0.220206524,0.198980785,0.352122334,0.228690357
0.229463269,0.197720797,0.309755537,0.263060396
0.429599832,0.241049221,0.26340656,0.065944387
0.297026873,0.194341604,0.348854017,0.159777507
0.098155415,0.289233553,0.215037368,0.397573664
0.334924981,0.226052689,0.299799746,0.139222584
0.137389276,0.591413872,0.097110825,0.174086027
0.155024819,0.245789586,0.272689341,0.326496255
0.122631963,0.259089416,0.303319678,0.314958943
0.231950466,0.17666114,0.353915312,0.237473083
0.156017161,0.236266469,0.272991175,0.334725195
0.146541301,0.22347722,0.343304937,0.286676543
0.038905882,0.287979382,0.282700916,0.39041382
0.120350797,0.287936099,0.165212496,0.426500608
0.222783664,0.204332085,0.358711428,0.214172823
0.268687723,0.229533241,0.288729859,0.213049177
0.197298397,0.280212979,0.18925674,0.333231884
0.167347469,0.705287368,0.037656611,0.089708552
